1323
513
445
1526
945
1071
1249
871
212
1798
680
90
170
1310
1350
89
1282
1157
1347
193
1440
374
1864
870
1464
1794
82
1016
1584
1180
1291
1784
1655
838
1571
1030
1826
637
429
401
1533
1521
29
235
782
149
1432
514
1334
801
432
948
736
1344
988
535
485
949
270
930
947
121
491
1431
1303
531
656
693
611
1153
1199
139
138
1075
497
475
1715
1198
1376
1538
916
1624
1247
1144
712
1314
493
305
1154
294
788
1239
820
309
1101
1051
100
1224
1127
1597
153
1849
517
833
1575
1489
1143
359
648
1418
1848
1100
1203
223
1874
1346
267
720
826
1284
1140
1761
35
654
1229
911
628
1264
1299
20
983
812
1857
1070
331
438
335
1128
1754
386
751
1089
19
578
101
772
1248
134
603
562
1427
380
807
208
1499
1076
1626
1237
779
34
1611
1498
750
1417
249
866
272
1309
822
1107
1579
1480
345
1155
214
1472
70
1635
520
1269
1403
256
1693
180
1132
1279
1471
1149
262
999
734
904
107
279
1716
1617
275
927
589
575
1042
316
704
501
742
1627
1405
111
122
969
721
1320
752
1172
215
337
851
1035
1492
266
586
463
689
1493
1547
1616
1120
1185
1706
1741
131
1444
1419
1433
1743
639
554
1184
713
1491
1671
293
426
46
471
1490
640
1241
469
1091
5
1257
360
198
1696
1412
1429
1825
1466
1593
213
1388
1380
884
950
175
770
766
1719
1146
132
181
528
1765
776
1022
1221
1233
324
1092
1729
705
765
1428
1511
452
1522
1094
516
836
1069
651
1301
1066
1001
299
1640
33
664
219
1506
875
800
576
778
1797
1872
1047
441
314
1660
1615
1700
799
582
486
320
1713
1837
1481
1478
1436
1404
366
1216
1808
470
356
1793
946
1686
1507
1818
354
1461
929
762
1079
681
923
532
308
1737
581
1029
634
1174
905
519
1809
1044
416
1625
1300
907
1252
1232
154
1085
218
468
951
1733
191
351
1274
206
79
224
723
394
1365
1749
399
727
715
957
297
853
1067
244
1834
110
395
1372
396
1682
1534
75
372
1649
315
258
449
233
600
1015
1142
621
1652
1181
523
9
425
1744
534
1056
303
848
937
842
1524
99
173
1109
1205
512
344
1234
706
783
1123
1368
280
922
1648
1424
500
963
1642
1605
1339
885
1253
996
400
1254
612
1711
326
525
340
480
1074
194
914
1496
74
1657
1012
15
617
1762
1277
813
1326
1281
1621
834
1176
1193
1168
906
451
1632
1363
1167
1319
660
1685
1598
686
358
188
1807
1242
1078
207
1645
1289
1668
1349
1084
1677
901
216
1271
1884
1550
1231
518
1732
864
515
81
1054
1377
1222
557
1160
1589
823
757
909
1354
1883
388
1387
678
1362
1170
1583
841
1258
1316
629
1395
377
874
164
1814
1777
507
200
1425
462
141
625
1573
23
894
397
601
1263
1449
54
1546
442
301
1561
831
1639
663
641
1394
402
430
306
1261
113
1667
551
1859
458
292
908
1467
731
1124
981
598
565
1192
1367
729
1441
437
1495
393
1294
1275
1360
373
682
1483
1359
1443
973
1413
744
236
1525
1353
1225
825
857
803
859
1336
1125
1701
967
4
278
920
145
533
1438
114
849
1704
1875
1552
835
1853
548
1529
650
910
1453
257
1391
21
38
699
863
556
237
1197
12
1290
961
418
987
1400
1129
1321
226
1494
1276
1781
1371
1690
1159
976
96
1375
1773
1847
597
1714
375
1513
1398
1838
1093
85
1479
1062
661
410
1537
1245
1381
1710
764
1208
1121
561
627
288
642
1654
718
1304
332
353
832
255
1041
251
64
1717
28
1342
675
888
593
709
1630
1636
1840
1106
649
115
1393
741
253
446
1102
408
698
781
182
1345
271
248
1451
165
1361
376
959
98
387
361
97
1163
1446
367
552
1764
510
1055
918
583
1191
384
745
1702
991
632
83
1083
1378
1858
806
1618
201
65
666
238
1087
435
92
1786
174
1678
1799
317
104
1006
328
1175
109
240
298
321
1581
925
1544
726
1590
17
1369
890
1189
494
791
203
37
938
522
91
1370
1158
897
719
962
1803
287
972
1505
1110
1010
1014
1804
454
549
77
1297
1099
1830
1073
1207
814
630
652
883
186
1317
1235
753
760
1796
481
508
1665
647
1839
1791
1213
965
1766
1313
1007
852
889
1570
610
30
1097
691
1881
1885
577
1873
602
509
1355
1250
1465
1758
529
1050
1735
1517
845
580
1753
1623
1273
592
421
1325
1333
1510
1705
1151
1750
349
1082
162
7
1043
48
1306
695
1603
1141
1256
1116
189
1244
1108
1666
456
964
334
604
862
1832
1699
136
919
1854
1869
144
1739
1385
1219
1698
1196
129
616
336
382
1504
168
1307
1343
1868
1139
1114
1178
1031
1262
1650
247
1783
758
1509
953
1226
896
1662
406
1210
1130
1340
365
928
1520
679
407
756
769
1602
1536
856
1795
1455
1707
1850
1161
811
479
1081
645
1008
1785
759
708
1416
1688
1778
1812
1596
1251
1555
1586
707
1119
1105
282
892
1594
902
1801
1622
1286
259
166
339
1542
684
1512
560
917
245
1580
1703
735
1641
112
457
1077
599
915
1656
569
312
1448
887
1382
1315
1447
296
106
71
1080
527
827
1681
1679
467
1311
1768
975
590
1373
1691
1856
484
1220
1601
1164
126
1683
1595
1730
323
183
1604
1870
1599
1772
103
412
1187
829
1712
872
1742
1188
503
1842
1020
1774
1779
626
1644
1322
1469
369
1228
95
939
423
473
62
1752
537
676
941
196
1288
821
57
1379
1501
966
748
1792
204
346
1827
25
1186
1775
1209
880
1879
1697
276
42
1183
496
1613
609
434
903
1402
1072
1039
1585
546
243
1880
1065
250
1017
563
1577
87
385
541
1588
1836
1497
1508
607
27
217
197
440
935
49
608
433
672
819
1246
1477
389
1745
150
205
1724
1820
477
738
1337
50
968
1173
1414
1328
1540
1211
172
1296
350
1456
363
1113
505
1270
786
378
1687
1409
45
1532
558
1530
1523
854
310
1476
1013
542
319
696
211
980
1562
1788
1516
1283
231
466
1177
404
1633
431
220
725
746
1759
633
156
177
1223
1033
733
11
461
371
572
1811
286
3
1675
307
133
318
1038
16
13
489
222
606
716
855
1003
1147
1028
1638
667
1877
417
1568
761
553
1352
1514
1457
295
72
352
585
167
739
1332
635
839
1692
732
69
1454
1002
669
1061
474
413
591
1295
1718
1268
1669
478
1024
1865
1878
322
1293
1131
347
1800
934
1851
465
146
341
1389
152
622
1452
1485
455
362
1259
982
327
1122
151
1437
1661
1549
1746
1046
944
977
1576
448
179
687
775
1619
1843
1527
1503
18
476
1098
898
230
878
773
900
730
1482
830
993
524
1676
671
1021
390
688
370
102
137
1034
1689
899
1566
1543
78
1727
1620
55
1383
73
1500
673
777
1734
828
755
793
596
1787
787
1819
594
1810
1348
80
810
225
342
1190
498
1335
1709
1844
1763
436
1487
564
1770
974
1104
931
1278
483
1569
1871
409
511
1731
702
1068
84
487
1539
665
643
1374
952
1882
1563
624
1324
199
877
1421
39
940
588
325
697
1318
802
1782
990
714
1126
47
1330
1829
1545
1556
1475
1025
530
685
956
1462
543
1553
1647
1684
1095
644
850
1776
737
1610
195
1747
36
464
1019
68
1090
1423
157
117
674
1000
1312
694
1771
14
53
809
1658
936
1664
1591
994
768
492
817
1817
879
0
1756
1341
971
460
1708
677
364
1133
59
1565
1103
398
795
1063
808
1408
424
1358
2
985
338
1445
1357
692
1442
1473
1327
1053
1726
368
818
559
1824
142
415
506
1643
1835
790
209
1578
1823
1470
1162
1410
116
184
304
636
381
273
1045
1468
876
239
31
1528
615
1519
1201
913
290
490
405
1557
1567
1680
1026
1004
568
1629
1267
265
986
329
391
536
1411
1266
1302
1861
1767
252
657
343
123
662
260
120
1554
1790
979
743
1502
1407
605
1182
383
22
847
1757
1694
771
1852
958
749
784
1280
246
1058
428
1721
837
1200
1117
403
289
1760
1740
882
234
1292
60
1806
66
668
1802
1422
860
1748
881
1236
1138
228
1430
8
1230
155
995
1204
1166
414
392
526
499
924
1439
595
1011
1582
411
1048
710
767
1663
1111
728
843
824
1018
1227
1148
1243
160
780
1331
655
241
147
1305
570
683
861
1855
140
227
954
1607
1551
311
1214
1194
942
1059
1833
545
26
1396
998
1463
1272
1064
118
300
868
1515
921
1867
1815
1240
1541
161
1592
58
1218
158
44
185
459
1060
926
1287
631
1695
1845
869
646
242
1608
960
1399
32
840
740
1805
41
747
190
1384
1674
148
1860
1863
192
1606
261
1486
1450
274
1646
1816
619
124
1096
895
1484
1037
130
804
932
1392
1435
447
989
571
984
567
547
210
1634
348
1206
798
873
521
1195
1118
701
1036
978
638
1548
135
1572
550
450
724
1458
1171
1866
1651
1672
10
1032
1088
93
264
1751
1009
1821
1366
1587
76
357
573
1862
1628
330
614
1260
1559
690
86
992
1215
867
1136
722
